372, 409, 418, 282, 425, 496, 201, 
                161, 237, 149, 216, 296, 259, 128, 
                311, 99, 53, 183, 64, 15, 158, 491, 
                188, 94, 220, 394, 356, 352, 329, 
                398, 366, 327, 377, 342, 59, 116,
                30, 44, 403, 366, 97, 431, 57, 396,
                373, 54, 74, 258, 7, 155, 186, 184, 
                358, 134, 275, 381, 221, 325, 63, 31,
                140, 348, 331, 338, 282, 389, 419, 417, 
                69, 195, 69, 10, 280, 198, 417, 226, 434,
                292, 221, 166, 320, 99, 345, 174, 213, 183,
                468, 243, 67, 178, 395, 205, 480, 372, 226,
                248, 101, 219, 114, 483, 135, 157, 190, 312,
                87, 176, 403, 161, 217, 49, 446, 428, 105, 396,
                210, 42, 3, 157, 126, 100, 421, 177, 351, 390, 
                300, 363, 29, 408, 471, 169, 126, 216, 179, 237,
                32, 164, 408, 34, 88, 37, 280, 308, 27, 18, 232, 
                466, 101, 85, 162, 185, 246, 443, 93, 15, 63, 458,
                306, 299, 12, 223, 147, 494, 189, 48, 423, 230, 250,
                367, 364, 47, 133, 469, 69, 90, 319, 113, 150, 333, 159, 333, 
                263, 444, 247, 286, 423, 183, 123, 164, 175, 74, 358, 110,
                22, 365, 389, 285, 120, 479, 95, 3, 217, 233, 220, 116, 53,
                276, 374, 4, 195, 450, 308, 472, 140, 179, 459, 203, 248, 403,
                124, 241, 107, 86, 193, 291, 188, 23, 447, 204, 201, 35, 493,
                171, 238, 156, 116, 30, 224, 131, 233, 147, 308, 120, 469, 224,
                265, 385, 469, 342, 405, 186, 37, 216, 355, 354, 395, 132, 41, 
                428, 427, 31, 329, 170, 303, 161, 457, 137, 235, 484, 64, 430, 
                478, 118, 170, 476, 432, 487, 116, 468, 26, 303, 53, 105, 299, 
                15, 497, 277, 316, 384, 261, 483, 489, 295, 204, 
                203, 318, 138, 316, 308, 267, 128